This folder: /home/daniella/floflis-plymouth

  File: ./ubuntu-vision22.04.zip
  Size: 46407     	Blocks: 96         IO Block: 4096   regular file
Device: 8,38	Inode: 9222639     Links: 1
Access: (0664/-rw-rw-r--)  Uid: ( 1000/daniella)   Gid: ( 1000/daniella)
Access: 2023-09-03 20:28:44.035503954 -0300
Modify: 2023-09-03 20:28:44.039504011 -0300
Change: 2023-09-03 20:29:24.120077326 -0300
 Birth: 2023-09-03 20:28:44.035503954 -0300
IPFS hash: QmVbkyawAbU2eDHDghjz2spb7JMPiZPmGjr5eMhxhYSfxE
------------------------------